	No benefits	Responder	TIDE	IFNG	MSI Score	CD274	CD8	CTL.flag	Dysfunction	Exclusion	MDSC	CAF	TAM M2	CTL
TCGA-G3-AAV1-01A	False	False	1.3399318490813148	3.3461	0.9992023094497827	0.7767	0.19975	False	-1.5025353996985986	1.3399318490813148	0.06179608492751108	0.11930692194961005	-0.004690968522807305	0.6922200000000001
TCGA-DD-AAE6-01A	False	False	1.3248229946481593	1.5680333333333332	0.9989975936608573	0.416	0.0762	False	-1.4177791396324153	1.3248229946481593	0.09249076790776348	0.07471580156647999	0.004476744362793115	0.35788000000000003
TCGA-DD-A3A4-01A	False	False	1.2674998778604214	2.2255666666666665	0.9997535353928466	0.552	0.04445	False	-1.5396931809142842	1.2674998778604214	0.05740471304786919	0.12407687690502507	-0.0148219185146247	0.4514
TCGA-DD-A3A6-01A	False	True	-0.6124838511750644	3.0947666666666667	0.9936780470168342	1.5344	1.839	True	-0.6124838511750644	1.9649693287119472	0.050704647509229483	0.23674845346317866	-0.006620502711903793	2.8434800000000005
TCGA-ED-A5KG-01A	False	True	-0.6323207590879072	7.643299999999999	0.9983096102126747	3.9093	5.8047	True	-0.6323207590879072	0.9377198659535586	0.029770777152218927	0.1138233519248619	-0.03246033355467086	5.267920000000001
TCGA-2Y-A9H3-01A	False	True	-0.7420912404403587	4.42135	0.9984037618794338	1.5124	2.7771	True	-0.7420912404403587	1.041037691500478	0.027697238209185928	0.104511740279384	-0.002108105497628453	3.0044399999999998
TCGA-CC-A3M9-01A	False	True	-0.7466171663024308	7.2192	0.99864324018511	4.7033	6.21755	True	-0.7466171663024308	1.7313222099952679	0.09314697207796925	0.1837237390479071	-0.03823584372195948	5.77904
TCGA-CC-A9FV-01A	False	True	-0.7874099078059046	4.077383333333334	0.9997395415987328	2.5575	3.1833	True	-0.7874099078059046	1.6744092485043767	0.00958657925936873	0.22764749152751604	-0.004082604278709496	3.47088
TCGA-DD-AACC-01A	False	True	-0.7876028240867206	6.5966	0.9993417768288482	2.6984	5.65995	True	-0.7876028240867206	0.8173835747941033	0.021650428937278345	0.10202499098767934	-0.0329949737661354	5.14306
TCGA-DD-AAVQ-01A	False	True	-0.7928023679102064	5.979899999999999	0.9963356592795745	1.7612	3.74355	True	-0.7928023679102064	1.0927924843798695	0.04480729409457951	0.10419931497314705	-0.013003138460838427	3.6102
TCGA-FV-A4ZP-01A	False	True	-0.8088170800908145	3.4507666666666665	0.9898912419118051	0.9663	2.3120000000000003	True	-0.8088170800908145	1.3359722912497973	0.09380519878202918	0.07883693351859286	0.003049177638903116	2.39604
TCGA-DD-A1EC-01A	False	True	-0.8261128266564604	6.8228333333333335	0.9998824472671881	4.4369	4.57545	True	-0.8261128266564604	0.8022572185914598	0.02925124488301395	0.10835089480420626	-0.05002392351964692	5.4081600000000005
TCGA-K7-A5RG-01A	False	True	-0.836039828122759	7.206333333333333	0.9997462392796717	3.8216	5.583349999999999	True	-0.836039828122759	0.763014476280825	0.02798969373854422	0.0920513049588955	-0.036193810716873095	5.27708
TCGA-GJ-A3OU-01A	False	True	-0.8398165872197978	6.070783333333333	0.9983015979464397	3.6891	1.75905	True	-0.8398165872197978	1.0220008054000786	-0.005121646970914895	0.16320799716030454	-0.030729421297585165	2.68128
TCGA-FV-A495-01A	False	True	-0.8414021694185932	4.4024	0.9995585524539753	1.0199	2.2868	True	-0.8414021694185932	1.583879577296841	0.07294822522710451	0.1457201690282471	-0.0046676301035135865	2.4808
TCGA-ED-A627-01A	False	True	-0.8540106845764724	5.6734833333333325	0.9995730579016012	2.3313	4.241	True	-0.8540106845764724	1.4116407729522746	0.030988092543576456	0.19769502488780688	-0.040201783526238724	3.8242199999999995
TCGA-K7-A5RF-01A	False	True	-0.8559284386185385	4.6361	0.9998590535626718	1.8107	2.3278499999999998	True	-0.8559284386185385	1.1087940888175198	0.015697553171561636	0.16430394884079072	-0.0408183433050107	2.47686
TCGA-DD-A4NR-01A	False	True	-0.8748934028813454	6.42495	0.999461099091362	3.1207	4.4419	True	-0.8748934028813454	0.9658741203071014	0.038464237338439164	0.1124487764098065	-0.034879396168628896	4.51934
TCGA-5C-AAPD-01A	False	True	-0.8799476894445383	6.3501666666666665	0.9978495171338332	2.618	3.2426000000000004	True	-0.8799476894445383	1.2193073033254704	0.061390603452945385	0.11858372737268288	-0.02560347601280484	3.3362600000000002
TCGA-BC-A110-01A	False	True	-0.8910913181835188	4.454483333333333	0.9994184591329407	3.2128	2.0743	True	-0.8910913181835188	1.4127027209154401	0.03152049013570128	0.1979061531401836	-0.041280478750676364	2.21452
TCGA-2Y-A9GT-01A	False	True	-0.8912224913820731	5.841716666666666	0.9997971499309233	2.0264	4.0221	True	-0.8912224913820731	0.878174116363564	0.019681490202150435	0.12021355794857005	-0.034425055889677265	3.2404200000000003
TCGA-DD-AADS-01A	False	True	-0.8918146194021074	4.5599333333333325	0.9993358048040476	1.0437	2.5804	True	-0.8918146194021074	0.8284037604057142	0.03772215083401194	0.06950371062649441	-0.013043119685771175	2.88988
TCGA-KR-A7K8-01A	False	True	-0.9045641029230929	5.842283333333333	0.9997827412911697	1.6028	4.4104	True	-0.9045641029230929	1.1357144546012055	0.04135318511012375	0.12354577827832047	-0.022472245428902506	4.307879999999999
TCGA-DD-A73G-01A	False	True	-0.9179809078535842	2.4909	0.9967040506339436	0.5534	0.77535	True	-0.9179809078535842	1.4348734942581505	0.07346592033952085	0.10722064358050291	0.01113357450237206	1.0901999999999998
TCGA-2V-A95S-01A	False	True	-0.9432718320886047	7.934699999999999	0.9997839517557721	3.6541	4.95085	True	-0.9432718320886047	0.7946998556380055	0.0540927720327444	0.08330086395647247	-0.05062674159868138	5.05506
TCGA-BD-A3EP-01A	False	True	-0.9492515299065382	4.5458	0.9956590602660984	1.3802	2.2829	True	-0.9492515299065382	1.3802601664931875	0.04994098956763882	0.15291944823106354	-0.020636225280159147	2.3510600000000004
TCGA-DD-A4NS-01A	False	True	-0.9534742799879805	4.980049999999999	0.9992762057015019	2.0069	3.6002	True	-0.9534742799879805	1.5952091440423597	0.040918602506178674	0.2023779578453633	-0.022082456294476773	3.24208
TCGA-CC-A7IJ-01A	False	True	-0.9644763552771701	6.283566666666665	0.9991950424718798	5.2538	4.9512	True	-0.9644763552771701	2.179197980608243	0.11035605276158426	0.22532881752139583	-0.023345149558947953	4.42608
TCGA-DD-AACI-01A	False	True	-0.9719499584829531	4.958483333333334	0.9984852288933892	1.8378	4.08715	True	-0.9719499584829531	1.0007671684974284	0.03784593395840753	0.10597302705399467	-0.02275056616231526	4.29004
TCGA-UB-A7MF-01A	False	True	-0.9732990116148866	8.0176	0.9999122095871128	3.5848	4.0207	True	-0.9732990116148866	0.8377734788041299	0.05313950902701008	0.08149229715168023	-0.041759346770706404	3.9072599999999995
TCGA-ES-A2HT-01A	False	True	-0.9893892028900892	3.4480166666666667	0.9993903524275259	0.8378	0.6399	True	-0.9893892028900892	1.2779222019256788	0.04664617481377703	0.14164933075712252	-0.020294217512663353	1.0847799999999999
TCGA-ED-A4XI-01A	False	True	-0.9925666701203857	4.683133333333333	0.9994158879089988	1.243	2.341	True	-0.9925666701203857	1.2900881885369415	0.024780732964083906	0.16904335025290618	-0.023571883518642846	2.39508
TCGA-DD-A114-01A	False	True	-0.9933327619745032	7.085566666666666	0.9979960453162997	3.812	4.2521	True	-0.9933327619745032	1.3491134775108666	0.05557654063114664	0.1561491249140175	-0.03399865655498968	4.0242
TCGA-DD-A73F-01A	False	True	-1.0001471837795992	6.320666666666666	0.9998301765206548	1.9008	4.1088000000000005	True	-1.0001471837795992	0.9600823353466813	0.039934511574142094	0.09672287110964456	-0.021731027858455768	3.79696
TCGA-DD-AADN-01A	False	True	-1.001556602728304	4.883033333333334	0.9993799278444573	1.2254	4.4567499999999995	True	-1.001556602728304	0.8254242350831711	0.06937719380895649	0.032507204623168015	-0.00925270043591464	4.79838
TCGA-DD-AAD1-01A	False	True	-1.0036933737424105	4.856433333333333	0.9979041531387192	1.912	3.29605	True	-1.0036933737424105	1.5398907669236161	0.05133644835951518	0.17850529757720568	-0.018922749386802412	3.07842
TCGA-2Y-A9H6-01A	False	True	-1.0066835901867626	3.5948166666666665	0.9988680739726603	0.7533	1.5722	True	-1.0066835901867626	1.3491398651720015	0.032825096384642885	0.15516895164870678	-0.007495268552824153	1.7799
TCGA-UB-A7ME-01A	False	True	-1.007992079676416	5.5023	0.996892996384516	1.2235	3.18945	True	-1.007992079676416	1.281852855491694	0.05597457232287363	0.12081934451927408	-0.008033276904513914	2.8101599999999998
TCGA-DD-A3A9-01A	False	True	-1.0172641636031434	3.4268	0.9922303731601829	0.6185	1.96015	True	-1.0172641636031434	1.711491139537883	0.06969842319896614	0.16271553897386676	0.005817677049904856	2.0643000000000002
TCGA-2Y-A9GX-01A	False	True	-1.0288444021145815	5.2033	0.9990049285663022	2.0532	2.9715	True	-1.0288444021145815	1.4040241336231316	0.02828603633032277	0.1916760745272823	-0.03155387723432667	2.59368
TCGA-FV-A3R3-01A	False	True	-1.0408074451511398	3.7320166666666665	0.9973351789008378	0.8869	1.7455500000000002	True	-1.0408074451511398	1.477986733525674	0.02614062184911515	0.18935128410568686	-0.012574345649939658	2.00326
TCGA-MI-A75E-01A	False	True	-1.04157830105008	4.07245	0.9993326480247983	1.3335	1.9506000000000001	True	-1.04157830105008	1.4072293227056685	0.04698095584541823	0.15316369939086538	-0.012426044072477783	2.17126
TCGA-G3-AAUZ-01A	False	True	-1.042602433861562	3.9146833333333335	0.9998100912356903	1.0928	2.1556	True	-1.042602433861562	1.2434463579879638	0.058644082183599684	0.11322350096256652	-0.010826787099828254	2.2198400000000005
TCGA-MR-A8JO-01A	False	True	-1.0436087347880965	4.251499999999999	0.9968936341595804	1.6355	2.33345	True	-1.0436087347880965	1.691532284220384	0.05804135520475739	0.20038335735500146	-0.02171285867486038	2.7114599999999998
TCGA-BC-A10S-01A	False	True	-1.049889717450706	3.508166666666667	0.9995080918390834	1.1053	1.51165	True	-1.049889717450706	1.3010604133020267	0.0329697819776052	0.15179648988867156	-0.014018977387448913	2.22338
TCGA-DD-AAEK-01A	False	True	-1.0516370155381156	5.423616666666667	0.9993043709929121	1.5304	3.2070499999999997	True	-1.0516370155381156	1.1398572493768386	0.02728795345189477	0.13313272663255948	-0.015700087823872413	2.82166
TCGA-G3-A25V-01A	False	True	-1.0524306097824851	4.85675	0.9995297243569446	1.8213	1.72095	True	-1.0524306097824851	1.2902919904247867	0.030856008532927418	0.16332641196344666	-0.02771423042564218	1.7978999999999998
TCGA-RC-A6M5-01A	False	True	-1.0567188931976819	2.5843333333333334	0.998401373685953	0.7585	0.8718	True	-1.0567188931976819	1.7372009558676451	0.05461478895788967	0.21185384265882767	-0.0203210841122503	1.21168
TCGA-DD-AAC9-01A	False	True	-1.0593971318967963	3.59	0.9994626936548127	0.8444	1.2330999999999999	True	-1.0593971318967963	1.3670280018505678	0.036880792733435204	0.1611758184654832	-0.01615244406454628	1.6418399999999997
TCGA-XR-A8TD-01A	False	True	-1.0639082402575006	6.795933333333332	0.9997771361194947	2.1265	4.31795	True	-1.0639082402575006	1.2622265445776018	0.04674116111380438	0.1501996001620119	-0.03389308046051632	4.56202
TCGA-EP-A3RK-01A	False	True	-1.0642320095304394	5.460766666666666	0.9995098939471716	2.2901	3.7327000000000004	True	-1.0642320095304394	1.1856849891816799	0.04841609968972463	0.10805417542591755	-0.005905291642778992	3.4161200000000003
TCGA-DD-AAVV-01A	False	True	-1.0651732307354715	5.420333333333333	0.9963521200496223	1.6539	1.7285	True	-1.0651732307354715	1.3165146294295955	0.04576051637670185	0.15470950294506636	-0.027789130579172854	2.31392
TCGA-CC-5260-01A	False	True	-1.07178653475885	4.611783333333333	0.9931897458255022	1.7749	2.46845	True	-1.07178653475885	1.7779575390291011	0.09155080922234181	0.17224805988543976	-0.016530180444584937	2.42586
TCGA-DD-AADI-01A	False	True	-1.0749791911149063	5.9623333333333335	0.9982926940831941	1.4089	3.2738	True	-1.0749791911149063	1.3943263561823112	0.05485355434044857	0.13108242774274328	-0.0007812594158026924	3.2419
TCGA-HP-A5MZ-01A	False	True	-1.0753751072284998	4.985216666666666	0.9990042986836553	1.3579	1.87065	True	-1.0753751072284998	1.3744216133715903	0.028718147252969756	0.17533875499026003	-0.020382506740412813	2.26612
TCGA-DD-AAVR-01A	False	True	-1.0823421656084993	4.3598833333333324	0.9990660617414464	1.1152	2.2622999999999998	True	-1.0823421656084993	1.3013901183250145	0.032188404620850306	0.1523167474796445	-0.013364341888701439	2.65434
TCGA-DD-AAD2-01A	False	True	-1.0847413129807282	4.04895	0.9993360886117263	1.7744	1.56925	True	-1.0847413129807282	1.5746943850298942	0.05380852005039341	0.17982194864877712	-0.017058066109491135	1.8121199999999997
TCGA-DD-A1ED-01A	False	True	-1.0878490716315452	3.5858999999999996	0.9996710947673029	1.442	2.008	True	-1.0878490716315452	1.1029146003350034	0.017736607964197196	0.14847235473176026	-0.0267250237717571	1.9914200000000002
TCGA-G3-AAV0-01A	False	True	-1.0922910609028527	3.3135166666666667	0.9994590059754507	0.8616	1.18405	True	-1.0922910609028527	1.2258176869478685	0.05503525659653291	0.10687883386583286	-0.0039231041688268685	1.5361
TCGA-UB-A7MD-01A	False	True	-1.0930777540300798	4.5236	0.9993880880190922	1.7022	1.2493500000000002	True	-1.0930777540300798	1.24310562345221	0.050302048590247284	0.14294484803220822	-0.03176568440228758	1.51786
TCGA-G3-AAV3-01A	False	True	-1.0933093854664704	6.006566666666666	0.9996643503272338	1.959	4.2387	True	-1.0933093854664704	1.225446240451988	0.04751922211749515	0.12303802492820899	-0.01132110315618359	3.81588
TCGA-2Y-A9GW-01A	False	True	-1.0933144782326498	4.8479833333333335	0.9983052045561671	2.2935	0.7658499999999999	True	-1.0933144782326498	1.1278823767757198	0.01873829295962681	0.1545495888364244	-0.02821870456327787	1.14776
TCGA-HP-A5N0-01A	False	True	-1.0935317406379728	4.139466666666666	0.9995965202044114	1.0693	0.71955	True	-1.0935317406379728	1.4509082277269343	0.037029695753474506	0.1630357169875912	-0.004526665284750058	1.8534400000000002
TCGA-O8-A75V-01A	False	True	-1.0940823613116588	3.9069166666666666	0.9980135101561755	0.845	2.58715	True	-1.0940823613116588	1.235177277886035	0.04332582799015158	0.131143491922494	-0.012939576592215608	2.31954
TCGA-5R-AAAM-01A	False	True	-1.096242275895368	3.961383333333333	0.9994801574326413	1.7425	1.72615	True	-1.096242275895368	1.4237199133986351	0.02909806240278262	0.1807659446204199	-0.017979599277048182	1.9787400000000002
TCGA-DD-AAE4-01A	False	True	-1.0976494970603903	5.132599999999999	0.9999086581212997	1.7263	3.43255	True	-1.0976494970603903	1.1676955377804008	0.05211254798231308	0.10494078542909943	-0.00724870951970234	3.4287599999999996
TCGA-ED-A97K-01A	False	True	-1.0985151748616122	4.056133333333333	0.9991821317988293	1.9452	2.0238	True	-1.0985151748616122	1.5985223989421242	0.07826395318537852	0.16869095131000617	-0.027964575280533	1.8730600000000002
TCGA-2Y-A9H1-01A	False	True	-1.102829549004664	3.701	0.9995153957224202	0.7499	1.9211999999999998	True	-1.102829549004664	1.0258265883935307	0.04585744638954564	0.08354390227842391	-0.002154751439925377	2.11406
TCGA-2Y-A9H8-01A	False	True	-1.1076150770909956	4.838466666666666	0.9994870512178463	1.1444	3.10375	True	-1.1076150770909956	1.0792871720698927	0.05405149786623091	0.09308531895153066	-0.011726804112193881	2.7656199999999997
TCGA-2Y-A9HB-01A	False	True	-1.1076903214055263	5.217783333333333	0.9999190150250558	2.4227	2.9078	True	-1.1076903214055263	1.0523931857453312	0.035110691277173624	0.11985491232635072	-0.022378436206749137	2.66654
TCGA-DD-A116-01A	False	True	-1.110119133959601	3.5056666666666665	0.9987478048829105	0.4312	1.11175	True	-1.110119133959601	1.5551473548195482	0.07199077941537205	0.13727281730565793	0.0015673387453041786	1.6099799999999997
TCGA-G3-A5SM-01A	False	True	-1.1155479461691036	4.4584	0.9988681843552023	1.6029	1.11475	True	-1.1155479461691036	1.3361306133750166	0.04345144966986492	0.1622281819542371	-0.027414775223819667	1.5404
TCGA-DD-AAE2-01A	False	True	-1.1173805554370342	5.62685	0.9998856362712596	4.2018	2.9679	True	-1.1173805554370342	1.0405621706909112	0.04017160068459715	0.12011963619190401	-0.02979735578070269	2.7157
TCGA-DD-AAEH-01A	False	True	-1.1199945782263452	5.482283333333333	0.9997009322227676	1.706	4.26495	True	-1.1199945782263452	1.089167783596569	0.03693954410909262	0.10430198688159428	-0.00553841833709401	3.8291600000000003
TCGA-EP-A3JL-01A	False	True	-1.1236871440457563	5.207466666666667	0.9982648183313109	1.3463	2.2217000000000002	True	-1.1236871440457563	1.2935218368667984	0.053224345052465864	0.129864479565279	-0.014286830254903288	2.5911
TCGA-DD-A4ND-01A	False	True	-1.1249796501857112	5.30365	0.9983499473927823	2.2907	3.04055	True	-1.1249796501857112	1.5483428318834316	0.05032467672585716	0.19147181445998881	-0.029152965027049813	2.7751
TCGA-ED-A7XO-01A	False	True	-1.1275994467388937	3.7213000000000003	0.9997798021124227	1.2385	1.97735	True	-1.1275994467388937	1.4392270613824483	0.06958098490067594	0.14131163795841228	-0.01956912615455935	2.1397399999999998
TCGA-DD-A115-01A	False	True	-1.1289841017342508	4.128183333333332	0.9998654081346463	1.402	1.54535	True	-1.1289841017342508	1.4746858346075091	0.06812615443594021	0.14441947970586536	-0.01218769171879285	1.75644
TCGA-BC-4073-01B	False	True	-1.1305016089411897	6.3237	0.9995228120588389	3.6862	3.6754	True	-1.1305016089411897	1.16156113696677	0.05237218358001908	0.13482222645028394	-0.03971856786432501	3.7258000000000004
TCGA-DD-AADK-01A	False	True	-1.1336148015857614	3.948733333333333	0.9975688044238918	0.5359	1.3183	True	-1.1336148015857614	1.6166807804799366	0.06796097827295625	0.15312428030813974	-0.0011575539141603362	1.56144
TCGA-FV-A3I0-01A	False	True	-1.1343691788061128	3.6067	0.9899816966249692	1.985	0.9858	True	-1.1343691788061128	1.7788905127817902	0.09980453487004345	0.17211411196083384	-0.025563458093795666	1.32508
TCGA-BC-4072-01B	False	True	-1.1362569445417179	6.463966666666666	0.9990340706107748	2.6271	3.3049	True	-1.1362569445417179	1.3545576975147684	0.06896742814247467	0.13819538216283822	-0.02883230539280934	3.68596
TCGA-G3-A25X-01A	False	True	-1.1395780635140396	4.4944999999999995	0.9961074152143148	1.632	3.2464	True	-1.1395780635140396	1.780096749734286	0.09701100581489613	0.15334192170474845	-0.005854400603663816	3.68528
TCGA-DD-AACT-01A	False	True	-1.1412086685611285	3.9691166666666664	0.9994007044866029	0.7792	2.04825	True	-1.1412086685611285	1.2511779434187884	0.04557658467700825	0.13631167559401416	-0.02009494439751238	2.4691400000000003
TCGA-BC-A69I-01A	False	True	-1.1428031644372578	3.3693166666666663	0.9994203148455717	1.2562	1.3561999999999999	True	-1.1428031644372578	1.4047241891244304	0.05244497591967491	0.1519393586239476	-0.015726092170561572	1.61842
TCGA-YA-A8S7-01A	False	True	-1.1431835287324421	4.375866666666667	0.9980296866220137	1.5747	1.9892	True	-1.1431835287324421	1.4193944992999823	0.05157397008697774	0.1697598872797003	-0.029476428028399046	2.1536999999999997
TCGA-G3-A3CI-01A	False	True	-1.1467945339566683	3.3361	0.9997802591406646	1.0551	1.4498	True	-1.1467945339566683	1.0825098358622733	0.012742268928244831	0.13663876278884887	-0.012680584123559397	1.8180399999999999
TCGA-DD-AACB-01A	False	True	-1.1495423843461565	6.225383333333333	0.9990775982805689	2.2667	4.41025	True	-1.1495423843461565	1.2034664499139063	0.06846293690525072	0.0920770295013056	-0.007973087479964816	4.149959999999999
TCGA-FV-A3I1-01A	False	True	-1.149716668794829	4.96425	0.9982813057419595	1.7935	1.1318000000000001	True	-1.149716668794829	1.3361688187284722	0.05446369664484912	0.14284620997270156	-0.020764820822108853	1.29636
TCGA-KR-A7K7-01A	False	True	-1.152443393856194	4.724166666666666	0.9980755352246076	1.3389	3.5646000000000004	True	-1.152443393856194	1.1893572830809538	0.08705849144140129	0.06731520550729433	-0.007820182768522182	3.4165200000000007
TCGA-CC-A1HT-01A	False	True	-1.1525700794249145	7.623983333333333	0.9974047960058179	3.2092	3.9934000000000003	True	-1.1525700794249145	1.485421391365167	0.08903308904291432	0.14924968555262683	-0.042991865025351884	4.4775
TCGA-2Y-A9GV-01A	False	True	-1.1539960950209645	3.93635	0.9997960901419833	1.434	1.1614	True	-1.1539960950209645	0.9668279523448156	0.01703752705237724	0.12637419583353762	-0.025082174059225696	1.5077
TCGA-DD-A4NL-01A	False	True	-1.1549300705292622	2.8983833333333333	0.9995307200025628	0.892	1.0441500000000001	True	-1.1549300705292622	1.2521144504743225	0.0264723282234909	0.16052291167239238	-0.022268650635097684	1.28382
TCGA-K7-A6G5-01A	False	True	-1.1551717152229621	4.907500000000001	0.9997217054890237	1.4012	1.6209500000000001	True	-1.1551717152229621	1.2091562467284802	0.04465867537492108	0.13380906162599307	-0.0231620651528084	1.91612
TCGA-ZP-A9CV-01A	False	True	-1.1553115340080524	4.876666666666667	0.9997936186042465	2.094	1.8505	True	-1.1553115340080524	1.0721528104387754	0.03569435542596433	0.13125856164755245	-0.032545232368580146	2.27756
TCGA-DD-A39X-01A	False	True	-1.1556068838611453	3.16355	0.9993543367706043	0.6132	1.06155	True	-1.1556068838611453	1.4994796626344482	0.06452107010621437	0.12990209085905333	0.007206856032252732	1.32186
TCGA-DD-AACD-01A	False	True	-1.1565410659790496	4.3617	0.9991865425646981	0.5144	1.01555	True	-1.1565410659790496	1.3095521174369011	0.06115454031373193	0.11611049516873098	-0.005079065467035961	1.7125599999999999
TCGA-EP-A2KA-01A	False	True	-1.158626899292138	5.492666666666667	0.9997527297221999	1.4115	3.4267499999999997	True	-1.158626899292138	1.1650722190688754	0.07792486508374145	0.09303753943319461	-0.022440313711347186	3.2908
TCGA-DD-AAVX-01A	False	True	-1.1600068448723313	5.385366666666666	0.9998788648600948	2.2358	1.46605	True	-1.1600068448723313	1.0256205381062466	0.03807191645213965	0.12264811187374867	-0.03429229708454175	1.85808
TCGA-CC-5262-01A	False	True	-1.1603378272850702	4.490083333333333	0.9992379449252564	1.5817	2.5873	True	-1.1603378272850702	1.6611366213886167	0.07113992779997663	0.17719977757621871	-0.023033269381967474	2.45364
TCGA-DD-AAW0-01A	False	True	-1.1652552990559153	4.391983333333333	0.999364919456951	1.6099	1.90705	True	-1.1652552990559153	1.2870504367144668	0.028430073076167777	0.15781527167490952	-0.017606698394072525	1.9142
TCGA-BC-A69H-01A	False	True	-1.1657861276835855	3.5914999999999995	0.9926087552549155	0.8394	1.1033	True	-1.1657861276835855	1.6132145691313236	0.10512845010195256	0.1028229744673251	0.010078531978076245	1.44182
TCGA-G3-A3CH-01A	False	True	-1.1659106589774668	3.999599999999999	0.9995265288323737	1.4647	1.76635	True	-1.1659106589774668	1.2730798120991451	0.050859658786879	0.12760114912154638	-0.011737951742310643	2.0436
TCGA-DD-AADO-01A	False	True	-1.1684333450882816	4.3880333333333335	0.9950066947709282	1.1928	3.29795	True	-1.1684333450882816	1.1362911009824241	0.0633497438698533	0.07717925673442369	0.001157912544446655	3.1881600000000008
TCGA-ES-A2HS-01A	False	True	-1.1725790617196459	2.093716666666667	0.9983671133289813	0.278	0.3035	True	-1.1725790617196459	1.4728796004000806	0.06189060420392879	0.12111842849736204	0.016284589194592494	0.61662
TCGA-DD-A1EG-01A	False	True	-1.1734537701636467	5.485733333333333	0.996461450483265	1.9881	2.07525	True	-1.1734537701636467	1.2909145536003055	0.04832453796651906	0.14338141390690184	-0.02272165361088619	2.21452
TCGA-DD-A1EK-01A	False	True	-1.1737052600730467	3.6028666666666664	0.999709382581391	1.9933	0.88625	True	-1.1737052600730467	1.202840950974949	0.033587402828658706	0.13542045473973985	-0.01358425414391795	1.40854
TCGA-CC-5261-01A	False	True	-1.1740960083593475	4.570549999999999	0.9901513424027166	1.604	2.4678	True	-1.1740960083593475	1.6134037650554438	0.06806347624049892	0.16242338441937793	-0.010133446685893076	2.3851999999999998
TCGA-DD-A4NV-01A	False	True	-1.1758291931306453	3.5843333333333334	0.9998408917424741	1.7815	1.2918	True	-1.1758291931306453	1.420393537161547	0.04486703498814641	0.16074569709921602	-0.015104643486199854	1.64012
TCGA-BD-A3ER-01A	False	True	-1.1784622458920335	3.5745999999999998	0.9986675395786241	1.6164	0.7251000000000001	True	-1.1784622458920335	1.4036490975694835	0.03871834788528232	0.17433245816299447	-0.02504417070428681	0.88796
TCGA-2Y-A9H2-01A	False	True	-1.1789429352452865	4.684366666666666	0.996830693129167	2.1951	1.97995	True	-1.1789429352452865	1.4690808720107553	0.082518607619444	0.13194542793565198	-0.01925436273821559	1.83992
TCGA-DD-AAE7-01A	False	True	-1.17941275283741	3.9870333333333328	0.999484621637345	1.2118	2.03575	True	-1.17941275283741	1.3005488743521385	0.03985480556323286	0.14830312062510473	-0.01711074439129929	2.04804
TCGA-KR-A7K2-01A	False	True	-1.1817442757617065	3.718066666666666	0.9986178300934406	0.8178	0.50595	True	-1.1817442757617065	1.3744949837675535	0.06635612087971925	0.12917247754015196	-0.01254443966860158	1.11464
TCGA-G3-A7M5-01A	False	True	-1.1823222140053868	3.40325	0.9999147455823514	1.0448	1.1049	True	-1.1823222140053868	1.0576159604629531	0.051426832466569754	0.08732530528327391	-0.007633954427548003	1.7779599999999998
TCGA-DD-AACU-01A	False	True	-1.184390843836275	4.426083333333333	0.9992665192876541	1.125	1.78035	True	-1.184390843836275	1.3359690227624326	0.057776528662940016	0.1333300861533772	-0.014888981499742418	1.6101200000000002
TCGA-DD-AAD3-01A	False	True	-1.186812177910328	4.916283333333333	0.998070883362189	0.9855	1.64105	True	-1.186812177910328	1.4954720014996066	0.04856401206230184	0.17248487558853112	-0.019141780562674387	1.5985200000000002
TCGA-DD-A4NB-01A	False	True	-1.186997612738263	3.835283333333333	0.9985023095512228	1.5262	2.5172	True	-1.186997612738263	1.850790858379774	0.045352747599321015	0.23952912179583397	-0.021614197646689523	2.6071199999999997
TCGA-DD-AACL-01A	False	True	-1.1889727042779017	5.7449666666666666	0.9970744500904954	1.6904	3.0457	True	-1.1889727042779017	1.2928610332891168	0.07987416446312713	0.10688162371487468	-0.01937735469536121	3.4433
TCGA-DD-A4NA-01A	False	True	-1.191140304001575	4.528366666666667	0.9991395528140443	2.5221	0.768	True	-1.191140304001575	1.4364624276939262	0.06713466362761081	0.16146215022616006	-0.033409594382774375	1.5503799999999999
TCGA-DD-A39V-01A	False	True	-1.1923934246076502	4.790466666666667	0.9986142713986045	0.9444	3.41465	True	-1.1923934246076502	1.3397785717181856	0.06659743763805137	0.10970147774678733	-0.0004748351442122294	3.41214
TCGA-G3-A25T-01A	False	True	-1.1995240971352	3.5776833333333333	0.9996335454549883	1.4227	1.1891500000000002	True	-1.1995240971352	1.7442667874388738	0.09915842281076367	0.1429832971529388	-0.002058158982355768	1.9096200000000003
TCGA-GJ-A6C0-01A	False	True	-1.200978748421092	4.940683333333332	0.999839148898844	3.7938	1.1961	True	-1.200978748421092	1.2828813251178923	0.059968558876593824	0.14274890544099963	-0.03617819080750868	1.7465
TCGA-ED-A66X-01A	False	True	-1.2041271853531643	3.8855666666666666	0.992790442541265	0.7369	1.60385	True	-1.2041271853531643	1.5936756091307729	0.05287625379052026	0.17259171543296686	-0.006871422168615388	1.52426
TCGA-ZS-A9CD-01A	False	True	-1.208076792295713	4.0753	0.9991307891275427	0.6693	1.06725	True	-1.208076792295713	1.371887199997018	0.04916492112535721	0.15618231642153121	-0.023406935497227787	1.2288799999999998
TCGA-FV-A4ZQ-01A	False	True	-1.2091700323751795	7.00665	0.999367507889491	2.7431	5.1850000000000005	True	-1.2091700323751795	0.9987136244366182	0.062009336958463765	0.07485718870719225	-0.01764088347978605	4.68236
TCGA-DD-A4NI-01A	False	True	-1.2100350150412005	5.035583333333333	0.99968836337607	1.4694	2.7497	True	-1.2100350150412005	1.020058315768206	0.018465769976215258	0.12894314309503327	-0.020875032725353754	2.3994400000000002
TCGA-BC-A10X-01A	False	True	-1.2107520789872797	3.7282499999999996	0.999742496459472	1.7211	1.80345	True	-1.2107520789872797	1.4470526739298535	0.03437007794797728	0.18725727149974553	-0.028025717857989428	1.90866
TCGA-5R-AA1D-01A	False	True	-1.214632530365738	3.3792	0.9989262105215205	1.2593	1.60185	True	-1.214632530365738	1.8548669969327616	0.04681591432623891	0.2307278015432841	-0.014258934416310957	2.02962
TCGA-DD-A3A7-01A	False	True	-1.221671955190571	2.5664499999999997	0.998113532734801	0.4878	0.8657999999999999	True	-1.221671955190571	1.366504278449473	0.0892824648209997	0.09530289891535551	-0.003919094599877827	1.27114
TCGA-UB-AA0V-01A	False	True	-1.225854630107031	3.943916666666666	0.9997378717149636	2.1308	1.6873	True	-1.225854630107031	1.4537549318422462	0.03670080906713057	0.17439953307697106	-0.016485579207934104	1.73212
TCGA-2Y-A9GY-01A	False	True	-1.2272675350799658	5.837183333333333	0.9991494574364467	2.4596	4.3919	True	-1.2272675350799658	1.1332071625416853	0.08045337877046752	0.076345086238544	-0.017334192427081292	4.43882
TCGA-DD-A3A5-01A	False	True	-1.2277529179691005	2.8765666666666663	0.9999051842466242	1.2884	1.7062	True	-1.2277529179691005	1.4267410440832238	0.07887964003431198	0.12252285034530498	-0.010161753855174305	1.76492
TCGA-ZP-A9CY-01A	False	True	-1.2279835840004372	4.0907333333333336	0.9998309267022106	1.2885	1.07115	True	-1.2279835840004372	1.2921553281693172	0.03434727982353277	0.1588380552931601	-0.02362870228311948	1.2374200000000002
TCGA-DD-AAVW-01A	False	True	-1.228832407327681	4.0539499999999995	0.997491492661447	0.9439	1.4202499999999998	True	-1.228832407327681	1.4879786876903156	0.04287089901542709	0.16433179904593712	-0.003722473672249612	1.6539000000000001
TCGA-G3-A7M8-01A	False	True	-1.2317363714000304	2.585733333333333	0.9998392171187007	1.735	0.3674	True	-1.2317363714000304	1.2183994969331498	0.029982358953915777	0.14021107441591094	-0.01171371784496672	0.77238
TCGA-DD-A1EB-01A	False	True	-1.2352289450136467	4.688266666666666	0.9999114096132308	2.2205	1.73765	True	-1.2352289450136467	1.151433376091599	0.040659430110008936	0.12684368289518252	-0.017800121312094817	1.73142
TCGA-DD-AAEI-01A	False	True	-1.237784466792564	4.213816666666666	0.999509740233627	0.5793	1.2078	True	-1.237784466792564	1.0292687467849482	0.043870933532991624	0.09309370455371457	-0.010893382940622757	1.4268399999999999
TCGA-DD-AADA-01A	False	True	-1.2378599285122687	3.6292666666666666	0.9974946785128689	0.671	2.11645	True	-1.2378599285122687	1.2279867734112744	0.037138372598699676	0.1260398932848411	-0.004095225829608813	2.32114
TCGA-DD-AAE3-01A	False	True	-1.2382337737073013	3.007633333333333	0.9998861220934728	1.2114	0.58815	True	-1.2382337737073013	1.4156586280434933	0.047402221115733924	0.13945659647364145	0.003164789141376051	1.15792
TCGA-ED-A7PX-01A	False	True	-1.2383630579505993	3.6485166666666666	0.9939384374956366	0.9994	1.53165	True	-1.2383630579505993	1.873154963685271	0.09163296794393996	0.1869516116760412	-0.01673887785839368	1.5119
TCGA-DD-A11D-01A	False	True	-1.2383808261687408	3.5456833333333333	0.9997846075611876	1.0801	0.58205	True	-1.2383808261687408	1.236108144225015	0.04279768371317833	0.14164799697190247	-0.020668478790623068	0.9377800000000001
TCGA-2Y-A9H5-01A	False	True	-1.2402874537877246	3.6329166666666666	0.998115307720192	0.5981	1.3649499999999999	True	-1.2402874537877246	1.4882115675280898	0.0600748583418154	0.15288875144213673	-0.011746962236349242	1.2782399999999998
TCGA-T1-A6J8-01A	False	True	-1.2409013805700226	3.321816666666667	0.9980577946768809	0.5364	0.8149	True	-1.2409013805700226	1.4645768718319152	0.05449076025419992	0.14826374547030308	-0.006853339642633006	1.04974
TCGA-MI-A75H-01A	False	True	-1.2410503037692158	5.843183333333332	0.9995388639346648	1.4722	2.2439999999999998	True	-1.2410503037692158	1.1555045495646998	0.04655793606321697	0.10579752302762957	-0.005848720181696826	2.83564
TCGA-FV-A2QQ-01A	False	True	-1.2426892504580642	4.3033	0.9994708143704706	0.6805	2.15665	True	-1.2426892504580642	1.2635262607150355	0.05035320078985208	0.12084537718921462	-0.00896307584698051	2.21178
TCGA-DD-AACO-01A	False	True	-1.2432749282403035	3.4168999999999996	0.9989273055960705	0.2011	1.39165	True	-1.2432749282403035	1.2993010247415575	0.05794515439168682	0.10402996599231265	0.006273453657306232	1.8477800000000002
TCGA-GJ-A9DB-01A	False	True	-1.2448471092307767	4.074866666666667	0.9997953443052372	1.067	1.0700500000000002	True	-1.2448471092307767	1.494956148407727	0.058841354723549434	0.16372672596885965	-0.018895513938322145	1.12704
TCGA-ZP-A9D1-01A	False	True	-1.2449373079965813	4.0847	0.999474654917536	1.1117	1.6058	True	-1.2449373079965813	1.3383176166489492	0.04681331327442185	0.1591820637788658	-0.02778701724485303	1.8148999999999997
TCGA-DD-AACY-01A	False	True	-1.2473851879291857	3.341916666666666	0.9993523213242461	0.6111	1.30835	True	-1.2473851879291857	1.2142577842463091	0.05014052272523593	0.1223791546195277	-0.015808448826170846	1.4521799999999998
TCGA-LG-A9QD-01A	False	True	-1.2519821457056766	4.654483333333333	0.9997880802685942	1.1577	1.1784999999999999	True	-1.2519821457056766	1.1361599091852852	0.04077643530101075	0.13211933702837456	-0.028745581241344624	1.34242
TCGA-K7-AAU7-01A	False	True	-1.2540278887239729	4.2101999999999995	0.9966054758399474	1.9885	1.20865	True	-1.2540278887239729	1.807533728801906	0.09765484371295599	0.1859991231062408	-0.031225976703062194	1.4633399999999999
TCGA-DD-AAVP-01A	False	True	-1.2556558854453839	4.1798166666666665	0.9991421225856749	3.9721	1.30815	True	-1.2556558854453839	1.4930060311883802	0.07409774982285852	0.12164180949553417	0.003635979943789843	1.40176
TCGA-DD-A1EA-01A	False	True	-1.2595579023549546	5.46275	0.9997433569683539	1.9774	2.80265	True	-1.2595579023549546	0.9086922001703553	0.04237016058313754	0.08651724663727199	-0.0194425675180228	2.56834
TCGA-DD-A3A3-01A	False	True	-1.2613189233942586	2.7015499999999997	0.9996069336854618	0.3629	0.63195	True	-1.2613189233942586	1.3340041519179597	0.07292123852877064	0.09832336208068748	0.0023872844589435923	0.93808
TCGA-2Y-A9H9-01A	False	True	-1.2625949191687948	4.212383333333333	0.9998134312367081	1.1213	1.33335	True	-1.2625949191687948	1.144574704586866	0.05746191718322411	0.11020405820761012	-0.02147986584546208	1.5596
TCGA-MI-A75C-01A	False	True	-1.2653263414371059	4.06935	0.9998294539345877	1.0431	1.2822500000000001	True	-1.2653263414371059	1.0993578287692438	0.07177178949298926	0.07723120380974179	-0.012398128031360768	1.83262
TCGA-CC-A7IG-01A	False	True	-1.2662477249743798	3.0727166666666665	0.9970931974854781	0.661	0.34254999999999997	True	-1.2662477249743798	1.7260995543448574	0.10724971685531313	0.12785662650171428	0.0019072946013366943	0.73586
TCGA-WQ-AB4B-01A	False	True	-1.267227001475213	3.309383333333333	0.9982299303560611	0.9248	0.5614	True	-1.267227001475213	1.3828492447762024	0.05655169799133595	0.14342201500510762	-0.015817114650081756	0.97976
TCGA-G3-A3CG-01A	False	True	-1.2725003949309623	4.56035	0.9996813479148418	1.2061	1.3829500000000001	True	-1.2725003949309623	1.2666358690404833	0.050459329115671796	0.14581069709743436	-0.031004027887985786	1.42958
TCGA-3K-AAZ8-01A	False	True	-1.2727947779730777	5.102283333333333	0.9999025822077663	1.0903	1.6559	True	-1.2727947779730777	1.02768317205555	0.04713135648370543	0.10082013292599121	-0.020389966779527556	1.6796799999999998
TCGA-DD-A73A-01A	False	True	-1.274987210753206	3.939983333333333	0.9997957798197004	0.9943	2.29325	True	-1.274987210753206	0.9715246635493805	0.03588131875442289	0.0964491017815782	-0.015240835498721588	2.1977599999999997
TCGA-DD-A73C-01A	False	True	-1.2750512331288566	3.3422666666666667	0.999952374345487	1.1305	1.85415	True	-1.2750512331288566	1.3088630600654287	0.034939188647651255	0.13919219062819604	-0.0002968882615236485	2.09566
TCGA-G3-A5SK-01A	False	True	-1.2759937089998432	4.600866666666667	0.9998708164283883	1.3178	1.8486500000000001	True	-1.2759937089998432	0.9189373367823629	0.018589884392860856	0.1213062628779391	-0.030680727503345048	2.3369
TCGA-NI-A8LF-01A	False	True	-1.279281441776293	3.3457999999999997	0.999085310849729	0.7972	0.86225	True	-1.279281441776293	1.4486403331588775	0.055806631494639054	0.15179966477274662	-0.00989182907943679	1.3295
TCGA-BC-A10R-01A	False	True	-1.2823196505435017	3.0177	0.994687451097032	0.5866	0.4703	True	-1.2823196505435017	1.6643852689833074	0.05345661061133575	0.1847709264717289	-0.007169624602907344	0.54726
TCGA-DD-AAEA-01A	False	True	-1.2910910678506768	4.7697	0.9994799643992359	2.1752	2.8384	True	-1.2910910678506768	1.0737810970203396	0.059374045795421895	0.0872158677907629	-0.015600267143267017	2.77624
TCGA-DD-A4NP-01A	False	True	-1.2957966933454417	2.5554333333333332	0.9998578554767432	0.6377	0.6048	True	-1.2957966933454417	1.3169094756621993	0.04290019407139843	0.13093697365714513	-0.0013020054397856577	0.9825199999999998
TCGA-ZP-A9CZ-01A	False	True	-1.2966198281439494	5.10885	0.9997069356374426	1.7694	2.54755	True	-1.2966198281439494	1.3301680301951724	0.06125690335465199	0.11887787605351931	-0.008073256516160235	2.6657
TCGA-DD-A3A1-01A	False	True	-1.2982279264399574	3.6926166666666664	0.9999455949341407	1.0248	1.4399	True	-1.2982279264399574	0.99375731536481	0.04939261231234295	0.08478667718747357	-0.01580594117777588	1.55344
TCGA-2Y-A9GS-01A	False	True	-1.2984362620080985	4.7546	0.9994923419654942	1.3823	0.984	True	-1.2984362620080985	1.3946018290032072	0.06600844253707276	0.12604222384249605	-0.008835463417226222	1.29882
TCGA-DD-A4NK-01A	False	True	-1.2993611970798673	3.445266666666666	0.9998485906628034	1.1596	0.6338	True	-1.2993611970798673	1.1940898780419495	0.0415662717044183	0.12213911314323807	-0.008902289121873927	1.32278
TCGA-DD-A3A2-01A	False	True	-1.3051868032507	3.4660499999999996	0.9999679152932123	1.0494	0.6405000000000001	True	-1.3051868032507	1.1741943266156696	0.03198343351425656	0.12069455438582329	-0.0014769773462598472	1.18464
TCGA-RG-A7D4-01A	False	True	-1.30580332953238	5.866416666666666	0.9988185602169731	1.7702	4.4777	True	-1.30580332953238	1.053706182582324	0.07489737822744225	0.06556843845626042	-0.012700858330507832	4.097099999999999
TCGA-BD-A2L6-01A	False	True	-1.307544783792859	3.6506999999999996	0.9998553092282826	0.8507	1.58465	True	-1.307544783792859	1.301457202132688	0.06550856235370985	0.10642631403393933	-0.0019684942608375455	1.98686
TCGA-G3-A25Y-01A	False	True	-1.3079744986134165	5.0337499999999995	0.9981117403621403	0.9727	1.73005	True	-1.3079744986134165	1.6617925998461691	0.08238438433997142	0.16082140474030357	-0.015294433288396714	1.92084
TCGA-DD-A11C-01A	False	True	-1.3080172153472296	4.078616666666666	0.9991884241113267	1.4848	0.75815	True	-1.3080172153472296	1.4612121861229614	0.06829306163945038	0.14126479184451435	-0.012048255035604357	1.5407
TCGA-2Y-A9H4-01A	False	True	-1.30866099708447	4.125483333333333	0.9997858569915292	1.372	1.30485	True	-1.30866099708447	1.2699753610929332	0.07064897309049836	0.0995475215822397	-0.005686805580296521	1.8209200000000003
TCGA-ED-A82E-01A	False	True	-1.3088714083685158	4.186483333333333	0.9969652528219209	0.8499	0.7525499999999999	True	-1.3088714083685158	1.7977675345154456	0.08669708966098782	0.17340352557904284	-0.010301681121770349	0.7906599999999999
TCGA-G3-AAV2-01A	False	True	-1.3092172413586234	3.1134666666666666	0.9995325986710637	0.6463	0.2219	True	-1.3092172413586234	1.3302201955342978	0.05778233455076778	0.11351205181811552	0.004287125145801649	1.08008
TCGA-KR-A7K0-01A	False	True	-1.3109658455394855	3.8594333333333335	0.9993778490654744	1.037	1.02735	True	-1.3109658455394855	1.385272129555141	0.05366718146733761	0.15276124232633853	-0.02197877332662343	1.18444
TCGA-DD-A118-01A	False	True	-1.311618826615791	3.1097666666666663	0.9980656670760615	0.6024	0.9338	True	-1.311618826615791	1.458625403505464	0.057244848963521576	0.1417577517647763	-0.0019060900798073053	1.06514
TCGA-WX-AA46-01A	False	True	-1.314484130466809	3.2753666666666663	0.9998971162177799	1.9202	0.8294	True	-1.314484130466809	1.2055404620808574	0.03128576437522432	0.14459668041146267	-0.02124169923773963	1.1884799999999998
TCGA-BW-A5NO-01A	False	True	-1.3158412911617234	4.1634	0.9997739340022718	1.3517	1.32115	True	-1.3158412911617234	1.2734023761338937	0.06170090552621867	0.11400870879235443	-0.00988243257751628	1.6811399999999999
TCGA-RC-A7SH-01A	False	True	-1.315841779768639	2.631883333333333	0.9952346203357133	0.4259	0.81595	True	-1.315841779768639	1.4445484366845955	0.09253482839950038	0.10915215790982084	-0.007557264181404399	0.7701
TCGA-G3-A7M7-01A	False	True	-1.316266056542959	2.6952	0.9996788640571136	0.2943	0.48395	True	-1.316266056542959	1.3411580260246696	0.05396611628424029	0.1299886456322062	-0.008009207388037494	0.87088
TCGA-UB-AA0U-01A	False	True	-1.3165316026858722	4.715316666666666	0.9993199289063699	1.557	1.8629	True	-1.3165316026858722	1.5516218830279493	0.06273249980559831	0.16246941747567148	-0.013426719657592085	1.79254
TCGA-DD-AADJ-01A	False	True	-1.31774557273826	4.178316666666666	0.9994147384987108	0.6302	0.746	True	-1.31774557273826	1.304859296489355	0.0659694108210394	0.10003883068672534	0.0031251843859302123	1.3945
TCGA-2Y-A9H0-01A	False	True	-1.3193632240696416	4.791766666666666	0.9997093843893877	1.779	3.76005	True	-1.3193632240696416	1.191141251602873	0.0797990493123587	0.09152034467771585	-0.02297992625441855	3.47134
TCGA-RC-A6M6-01A	False	True	-1.319477525671426	3.8259499999999997	0.9984954046028818	0.2704	1.1239999999999999	True	-1.319477525671426	1.7659081327268442	0.12503605333332035	0.11453063712163555	0.0024834401354421262	1.13962
TCGA-BC-A10Q-01A	False	True	-1.3199911608448205	3.4563333333333333	0.9993896532438876	1.0962	1.3529499999999999	True	-1.3199911608448205	1.6752405208163115	0.09202631264756554	0.1466051415193067	-0.00832812378481721	1.39964
TCGA-BC-A10Y-01A	False	True	-1.3200994938891613	5.1395833333333325	0.9999001654018073	1.7516	1.98825	True	-1.3200994938891613	1.1954745352525236	0.07749781384594133	0.09349519866759966	-0.01730202525587899	2.18644
TCGA-G3-A5SJ-01A	False	True	-1.3213992852152008	5.660699999999999	0.9991837472759052	2.3229	2.9364	True	-1.3213992852152008	1.3454399032660418	0.07805773407625982	0.12130018178026457	-0.024234220835345058	2.6396
TCGA-DD-AAD5-01A	False	True	-1.3218066773633437	3.118633333333333	0.998791927464768	2.1181	0.8544499999999999	True	-1.3218066773633437	1.5770910053435507	0.1024343759710755	0.1222620121752868	-0.01342080266881295	1.26204
TCGA-DD-AAE0-01A	False	True	-1.3235029027286267	4.642799999999999	0.9679342093731376	0.5155	1.4676	True	-1.3235029027286267	1.893670983354189	0.12187935342920818	0.13989833414154382	0.004235723968972635	1.72682
TCGA-DD-AADB-01A	False	True	-1.3248001258588187	5.851616666666667	0.9948932721037771	1.7956	3.8903	True	-1.3248001258588187	1.187343126379495	0.07101546248342887	0.09590536163577261	-0.017056226939604107	3.5018000000000002
TCGA-G3-A7M6-01A	False	True	-1.325332401140612	4.419549999999999	0.9843418475778691	1.2513	1.8326500000000001	True	-1.325332401140612	1.812941367255229	0.11032917887782727	0.15126392474925743	-0.008212844466103684	1.78262
TCGA-DD-AAEB-01A	False	True	-1.325701681573771	2.62255	0.9991805922597381	0.838	1.05415	True	-1.325701681573771	1.2956556076817507	0.05647008164671958	0.10680073060334394	0.009065607135569382	1.4789999999999999
TCGA-BC-A216-01A	False	True	-1.3263125401788565	4.8985666666666665	0.9998207924805624	1.6155	4.4419	True	-1.3263125401788565	1.2438638203060794	0.08639287435094647	0.0961725148628187	-0.022146496120653336	4.45082
TCGA-CC-A3MC-01A	False	True	-1.3268602563015888	3.4288666666666665	0.9990305742010641	1.2831	0.4975	True	-1.3268602563015888	1.5760849567575448	0.07434829449954315	0.15633762958611902	-0.017369958388822316	0.7594799999999999
TCGA-5C-A9VH-01A	False	True	-1.3270977970669995	3.542133333333333	0.9969665161536787	0.7431	1.0527	True	-1.3270977970669995	1.6180763057423375	0.07474870589783032	0.15757016990406206	-0.009009460305637975	1.3219400000000001
TCGA-CC-5259-01A	False	True	-1.3321035653405655	3.5765666666666664	0.9910091584552656	0.5184	1.40165	True	-1.3321035653405655	1.2658419602051953	0.08134539600751339	0.09520537095056805	-0.013342556868793121	1.63976
TCGA-PD-A5DF-01A	False	True	-1.3337067795523079	4.5475666666666665	0.9994286849850741	1.5194	0.85635	True	-1.3337067795523079	1.5462505668092696	0.05748754651302064	0.1772123849391464	-0.02450193235673778	1.06882
TCGA-DD-AACF-01A	False	True	-1.3347404999779504	4.2796	0.9998540106737285	1.8646	1.01835	True	-1.3347404999779504	1.0707477248924868	0.06305656213647173	0.0823969796377694	-0.015309751278589457	1.66722
TCGA-CC-A7IF-01A	False	True	-1.3381105096793457	3.01435	0.9995946765434977	0.8533	0.32225	True	-1.3381105096793457	1.4551645973733003	0.07634108284866381	0.1148085986970641	0.004497383163511373	0.8375
TCGA-4R-AA8I-01A	False	True	-1.3381337470716814	5.008816666666666	0.9999066958650266	2.0508	0.8201999999999999	True	-1.3381337470716814	1.2593746226206501	0.06167397247634789	0.12419221561334258	-0.02217545904298798	1.46232
TCGA-ED-A459-01A	False	True	-1.3409492584471008	3.8040833333333333	0.9984861215748622	0.7339	0.487	True	-1.3409492584471008	1.3586665087173655	0.07323696947837859	0.13001901374792385	-0.02686118254975354	0.6576000000000001
TCGA-BC-A8YO-01A	False	True	-1.3413674631604389	6.883366666666666	0.999760679965825	2.8703	4.18415	True	-1.3413674631604389	0.9866131960486151	0.060581222746696854	0.08664443303859508	-0.028677252697918	3.99672
TCGA-XR-A8TE-01A	False	True	-1.3435963768838817	3.7934666666666663	0.998811208283234	2.1281	0.65645	True	-1.3435963768838817	1.5499441673931764	0.062145961161461954	0.16083501228910133	-0.00997537458464714	0.8516600000000001
TCGA-DD-AADM-01A	False	True	-1.3440548510786121	3.474533333333333	0.9998003122510426	1.0476	0.80435	True	-1.3440548510786121	1.4441219168298896	0.07065320045840347	0.12269488202761104	-0.0021392891633036097	1.2718599999999998
TCGA-FV-A2QR-01A	False	True	-1.344852000650798	4.541449999999999	0.9993209231060863	1.2083	1.0219500000000001	True	-1.344852000650798	1.4603240750183775	0.05412247683189831	0.15380363947600784	-0.011100332687620958	1.39346
TCGA-RC-A7SK-01A	False	True	-1.3457128992617726	2.729816666666667	0.9998073379556492	0.3569	1.1101	True	-1.3457128992617726	1.4430656815155714	0.07465376033712143	0.11464398395032292	0.0029758955650627333	0.98126
TCGA-WQ-A9G7-01A	False	True	-1.345820395601681	2.7725999999999997	0.9986906750912947	0.3124	0.74655	True	-1.345820395601681	1.636989600138899	0.1069737153085462	0.11551070993697354	-0.0008167836186885507	0.79532
TCGA-G3-A3CJ-01A	False	True	-1.3460985356335695	3.0628166666666665	0.9996699757590997	0.5522	0.5198	True	-1.3460985356335695	1.2190147968294034	0.05078071553665358	0.11661073727271944	-0.008706042129374278	1.2863600000000002
TCGA-DD-AADU-01A	False	True	-1.3471457428551965	2.8856166666666665	0.9997604295003011	0.8265	0.25934999999999997	True	-1.3471457428551965	1.1970226744576435	0.05397849314788023	0.10871752238753445	-0.010015149201012501	0.87422
TCGA-ZS-A9CE-01A	False	True	-1.3483515910696344	2.8105833333333328	0.9999170749708832	1.5204	0.19295	True	-1.3483515910696344	1.2381866778555983	0.06659987059546547	0.10116872833115635	-0.006035716720028676	0.31352
TCGA-WJ-A86L-01A	False	True	-1.3488129475796367	3.8248166666666665	0.9998056008639801	1.5364	0.2733	True	-1.3488129475796367	1.2201386651168658	0.06557351937474964	0.1037105654141171	-0.01295420949305461	0.80784
TCGA-EP-A12J-01A	False	True	-1.3516203730617826	4.758666666666667	0.9997958925271996	1.7949	1.04625	True	-1.3516203730617826	1.1454820093821385	0.05829964428864322	0.10519123630890947	-0.016804742754396577	1.5354999999999999
TCGA-G3-A25Z-01A	False	True	-1.3533315911829564	2.9832666666666663	0.9996947583872076	0.6861	0.48135	True	-1.3533315911829564	1.3132445429345596	0.05448828817359517	0.13220060411496845	-0.014799077651783203	0.68484
TCGA-DD-A1EI-01A	False	True	-1.3541572154596833	3.7155166666666664	0.9971778283782508	0.9181	1.1191499999999999	True	-1.3541572154596833	1.7172805328221474	0.07288415106207308	0.17798416109261397	-0.012584383985281018	1.4485599999999998
TCGA-DD-A113-01A	False	True	-1.354474350117958	4.379966666666666	0.9987689772243369	1.1757	2.09185	True	-1.354474350117958	1.3765709030677937	0.06748811120089518	0.12066056643160973	-0.006540306907285132	1.6664
TCGA-G3-A3CK-01A	False	True	-1.3564752352821028	4.985166666666666	0.9998910791937182	1.1898	3.04935	True	-1.3564752352821028	1.087617585932589	0.040412803110313984	0.10931375849626011	-0.01411192372579506	2.7123999999999997
TCGA-DD-AACH-01A	False	True	-1.3576607279001436	3.614116666666666	0.9996040483840697	2.5045	0.6643	True	-1.3576607279001436	1.6208598105165808	0.09802481623139837	0.13225863967090168	-0.010360083947700301	1.7118600000000002
TCGA-DD-AACZ-01A	False	True	-1.3583576419546197	6.0165999999999995	0.99813687488819	2.1855	3.1564	True	-1.3583576419546197	0.8814214536162823	0.04445312294084906	0.07446460122267042	-0.018829151736464114	3.5254199999999996
TCGA-RC-A7SF-01A	False	True	-1.3593526330652381	3.6212833333333334	0.9991660952314891	0.8642	1.2890000000000001	True	-1.3593526330652381	1.326555630913117	0.06612528296016108	0.12230049965246251	-0.014223887552218158	1.50624
TCGA-DD-AACN-01A	False	True	-1.3605054667529528	4.72685	0.9976355300385013	2.1083	2.091	True	-1.3605054667529528	1.5573163055826533	0.06300790101158309	0.16367951184501084	-0.014088814491651858	1.97532
TCGA-DD-A4NJ-01A	False	True	-1.3629794027858	4.5047	0.9994193450201518	2.0932	1.2751	True	-1.3629794027858	1.3188908619611963	0.06025152390106013	0.13015772220666666	-0.014508994136049136	1.4275600000000002
TCGA-BC-A112-01A	False	True	-1.3630467593934255	3.6869666666666667	0.9883910953128402	1.1191	0.65525	True	-1.3630467593934255	1.731251956667984	0.09292479884110062	0.15626036894761647	-0.008511566201692059	0.85542
TCGA-ZS-A9CF-01A	False	True	-1.3635036620395016	4.6693333333333324	0.999899061610595	1.9038	1.19505	True	-1.3635036620395016	1.0594885957108544	0.05799677433164379	0.09349832151537284	-0.016323260247057148	1.57448
TCGA-DD-A4NO-01A	False	True	-1.3648537105122982	3.65545	0.9978543102908334	1.1006	0.83795	True	-1.3648537105122982	1.4216163160803785	0.04681436176870252	0.158302674618128	-0.014665678188846518	1.06762
TCGA-DD-A39W-01A	False	True	-1.3671907741675946	5.038499999999999	0.9996613060143479	0.9241	0.60415	True	-1.3671907741675946	1.2265389219633869	0.0529629949862689	0.10667297486978397	0.0003307595121418292	1.30812
TCGA-2Y-A9GZ-01A	False	True	-1.368604681091139	3.0442666666666662	0.9999091652047024	1.16	0.4992	True	-1.368604681091139	1.182119913640137	0.05786008932576709	0.1033050828059471	-0.0067491146328526935	0.9557400000000001
TCGA-DD-AADF-01A	False	True	-1.3720228341402347	4.261666666666667	0.9999356418151764	0.9741	2.7177499999999997	True	-1.3720228341402347	1.1811754838149753	0.08166029190486686	0.08218256484467677	-0.01379237820973047	2.50818
TCGA-DD-AAW1-01A	False	True	-1.3770048257652097	4.123466666666666	0.9995130743797305	1.1756	0.45535000000000003	True	-1.3770048257652097	1.1608847641069286	0.05039266804406212	0.11942697887326703	-0.01880125209514539	0.9532
TCGA-BC-A217-01A	False	True	-1.3773264549290751	5.231716666666666	0.9999199660584835	2.0904	1.779	True	-1.3773264549290751	1.2456751635061114	0.08693932556534728	0.08550776794657187	-0.013864600057277297	2.25256
TCGA-G3-A25S-01A	False	True	-1.377415979603432	3.4604666666666666	0.9997794064864032	1.1379	1.0944	True	-1.377415979603432	1.1651300969913139	0.07468285571390065	0.06734429905222247	0.00013503565628396636	1.6587
TCGA-BW-A5NQ-01A	False	True	-1.3797354750773556	6.65625	0.9998701573450328	2.3554	4.472049999999999	True	-1.3797354750773556	1.089261858646868	0.0769253762703625	0.0743843917973132	-0.017513619353464255	4.292879999999999
TCGA-DD-AAEG-01A	False	True	-1.3806976733435228	3.3065666666666664	0.999737602507007	0.6865	0.43465000000000004	True	-1.3806976733435228	1.5398244171897997	0.08035886436214634	0.1381377219563848	-0.009964927261111638	0.6335599999999999
TCGA-DD-A3A8-01A	False	True	-1.3813037530186094	3.534633333333333	0.999784326835278	0.7922	0.4115	True	-1.3813037530186094	1.3678571676732876	0.061804378502816164	0.11536243238779262	0.004412827515559604	1.2358999999999998
TCGA-DD-AADV-01A	False	True	-1.3813716519137917	4.208216666666667	0.9996133476239264	1.0404	1.2175500000000001	True	-1.3813716519137917	1.551990230265799	0.07627343253820101	0.14577230001966104	-0.010477079423531764	1.51456
TCGA-DD-A119-01A	False	True	-1.3888172273268558	3.46075	0.9994634478165569	0.4513	0.8787499999999999	True	-1.3888172273268558	1.5083762625664099	0.0588253479353712	0.1449020398651658	0.00014481305968423665	1.06312
TCGA-RC-A7S9-01A	False	True	-1.3915398769118195	4.4270499999999995	0.9996740906647564	1.4498	1.3263	True	-1.3915398769118195	1.2481286449991156	0.08847039753199475	0.07882167944738935	-0.009928322825400465	1.8377400000000002
TCGA-BC-A5W4-01A	False	True	-1.3937803975823766	3.862333333333333	0.9998524593496807	0.8645	0.17074999999999999	True	-1.3937803975823766	1.3503401710624443	0.08060686681162117	0.09409051491027104	0.0014406999407394622	0.52476
TCGA-LG-A9QC-01A	False	True	-1.3945441794166955	2.97035	0.9997484099196204	2.7936	0.3169	True	-1.3945441794166955	1.3653522824610493	0.06801149643676706	0.126057317038722	-0.013473181092961861	0.8347000000000001
TCGA-RC-A7SB-01A	False	True	-1.3947371433155018	4.3363	0.9998008501122672	1.5911	0.8858499999999999	True	-1.3947371433155018	1.4327739093838119	0.06748218043335179	0.1269944203392878	-0.0035282869553395066	1.12076
TCGA-NI-A4U2-01A	False	True	-1.39501241779934	3.1681	0.9998557342217055	0.9403	0.2004	True	-1.39501241779934	1.2810898039369891	0.039993058605016486	0.135114474617524	-0.004881759927900962	0.7352399999999999
TCGA-FV-A23B-01A	False	True	-1.3953599678836413	4.94555	0.9984174424999637	1.2959	1.7945000000000002	True	-1.3953599678836413	1.2615578076607592	0.06555993454831209	0.10549315746065685	-0.008686633723311226	1.8799200000000003
TCGA-FV-A3R2-01A	False	True	-1.3959768685437512	3.9107666666666665	0.9997632283400824	1.601	1.19795	True	-1.3959768685437512	1.237767422876116	0.06258052561650791	0.10773214144361842	-0.011834440684768799	1.31138
TCGA-DD-AACQ-01A	False	True	-1.3966311440479162	3.8225666666666664	0.9997913732802134	1.5178	0.70425	True	-1.3966311440479162	1.2209216036824169	0.06718077615771609	0.09415680838314777	-0.005404205270927738	0.76392
TCGA-ED-A8O6-01A	False	True	-1.3974357564457036	3.3837833333333336	0.9945269965158935	0.5418	1.45615	True	-1.3974357564457036	1.5308645342521232	0.08602647893684927	0.11924538989874961	0.001273395656832146	1.41642
TCGA-CC-A7IE-01A	False	True	-1.401116010695861	4.997433333333333	0.9948970344264924	1.1145	3.0794	True	-1.401116010695861	1.4420769950977967	0.09309691372829043	0.10527641520038487	-0.008537639126854027	3.18032
TCGA-G3-A6UC-01A	False	True	-1.4014398688569536	3.530933333333333	0.9999079983749111	1.3246	0.3059	True	-1.4014398688569536	0.9543123138841848	0.03927696825929603	0.08718257224337679	-0.010008806103081124	1.2104599999999999
TCGA-DD-AAVS-01A	False	True	-1.402745775560386	4.356066666666667	0.9985154252733546	0.5328	2.0161000000000002	True	-1.402745775560386	1.381462040879618	0.062359017390096215	0.11802687634871237	0.0013090131394284596	2.0582599999999998
TCGA-WX-AA47-01A	False	True	-1.4054365676676615	1.8018999999999998	0.9991183693954176	0.9099	0.22735	True	-1.4054365676676615	1.4014160936610032	0.0857066428499823	0.11869383085392914	-0.0193093082521393	0.33792
TCGA-DD-A1EF-01A	False	True	-1.4066185921076155	4.28055	0.9970255696932614	1.07	2.34995	True	-1.4066185921076155	1.3656706962993228	0.0592653722710315	0.11635642868872385	0.0029509554898319618	2.0619000000000005
TCGA-DD-AACE-01A	False	True	-1.4073425370996608	3.9912166666666664	0.9995850378945056	0.8895	1.10175	True	-1.4073425370996608	1.1416073486814293	0.045656445858501524	0.11834095345172382	-0.01621914639069462	0.9723599999999999
TCGA-G3-AAV4-01A	False	True	-1.4099746681243215	4.238766666666667	0.9998720420013193	1.6789	0.2277	True	-1.4099746681243215	1.2867352405620789	0.06849448313645394	0.10424639818261504	-0.0047619970290960975	0.91404
TCGA-WX-AA44-01A	False	True	-1.411987077862057	4.1206499999999995	0.9989714025628128	1.1406	1.0983	True	-1.411987077862057	1.5027589699777708	0.07565941760142723	0.13587607516902594	-0.012594657435637582	1.32896
TCGA-DD-A4NH-01A	False	True	-1.4122654380103892	3.50265	0.997630456503657	1.3821	1.05645	True	-1.4122654380103892	1.4587301723037533	0.07761236150062054	0.15023189464642486	-0.03160169714800455	1.16112
TCGA-ZS-A9CG-01A	False	True	-1.413188450713767	4.194266666666667	0.999776532665103	1.4983	0.87925	True	-1.413188450713767	1.327737847063165	0.05184129876027089	0.13395744575439383	-0.009656058106290397	1.2883600000000002
TCGA-ED-A7XP-01A	False	True	-1.4149629758574547	3.7676666666666665	0.9994340735331589	1.2767	1.4563	True	-1.4149629758574547	1.398694309433785	0.0585253970106861	0.14662128870633476	-0.018771553407500436	1.7694800000000002
TCGA-UB-A7MA-01A	False	True	-1.4159898962762527	3.6473999999999998	0.9938335008805039	0.8406	1.507	True	-1.4159898962762527	1.810789433341803	0.1118722755018493	0.1476594340971025	-0.007649499569545382	1.4401
TCGA-DD-AACP-01A	False	True	-1.4170060001202638	3.705133333333333	0.9948892236367795	0.5809	2.8437	True	-1.4170060001202638	1.7935205256338602	0.12942846690867343	0.10184960509643527	0.01459230227098678	2.15544
TCGA-2Y-A9HA-01A	False	True	-1.417271804053804	4.2842666666666664	0.9995356745008217	1.2701	0.22785	True	-1.417271804053804	1.3994906466014838	0.07656630876117693	0.11613505693554968	-0.007841019425402659	0.95672
TCGA-DD-AACX-01A	False	True	-1.417719358490417	4.1301499999999995	0.9998052301583186	1.3143	1.18585	True	-1.417719358490417	1.1124970083807544	0.06707363116578635	0.08554504645572136	-0.013184696708286097	1.1951200000000002
TCGA-DD-AACG-01A	False	True	-1.4195119177529794	3.4699666666666666	0.9987116673663247	0.5399	1.21265	True	-1.4195119177529794	1.2723900823161318	0.08496139845964842	0.07236327610839573	0.006450878026827168	1.64702
TCGA-CC-A123-01A	False	True	-1.4201125111649568	2.3914166666666663	0.9928651329790407	0.3602	0.4745	True	-1.4201125111649568	1.4769474110232936	0.07649717820800722	0.10402704849650858	0.015292143265874443	0.7849
TCGA-DD-AAVU-01A	False	True	-1.4210978660610825	2.7569166666666667	0.9996366610247703	0.4313	0.23220000000000002	True	-1.4210978660610825	1.397206402189289	0.07749371478939891	0.08915140630487631	0.017115498180871238	0.67146
TCGA-MR-A520-01A	False	True	-1.423076233910532	2.929183333333333	0.9999194272171593	1.0213	1.1106500000000001	True	-1.423076233910532	1.1438228270979205	0.02327479513469876	0.12468430695982065	-0.002098686300668836	1.5298
TCGA-DD-A39Z-01A	False	True	-1.423162568978618	2.8771	0.9995910691112989	0.6368	0.83055	True	-1.423162568978618	1.4572135179516112	0.08805075782143866	0.09552590859249727	0.011124177086913928	1.15686
TCGA-2Y-A9GU-01A	False	True	-1.4244532306820783	3.285383333333333	0.9998235612077544	0.4642	1.1485	True	-1.4244532306820783	1.2160030580670533	0.05495789754039141	0.10834974565764618	-0.004167808157895442	1.15068
TCGA-XR-A8TG-01A	False	True	-1.42655011859946	3.7774166666666664	0.9996900863129707	1.7846	0.56085	True	-1.42655011859946	1.5035762708893377	0.07862666123525339	0.15868593729362798	-0.03426640603731249	1.067
TCGA-ZP-A9D4-01A	False	True	-1.4267369240107124	4.024133333333333	0.9997904204924192	1.3306	0.5788	True	-1.4267369240107124	1.0924092818105282	0.04885383417480417	0.0991104300321361	-0.009771930760150649	0.80228
TCGA-DD-AADG-01A	False	True	-1.4267654511031789	3.171483333333333	0.9998739904219252	0.8739	0.8529	True	-1.4267654511031789	1.3902789135653257	0.06905337881212732	0.11550132108161504	0.0019772420746713613	1.20736
TCGA-2Y-A9H7-01A	False	True	-1.4316454778200058	3.57915	0.9993772321533463	0.4258	0.7827000000000001	True	-1.4316454778200058	1.3272144224731346	0.07139275633135674	0.08797499593640491	0.013430773880848922	1.06484
TCGA-CC-A3MA-01A	False	True	-1.4322839711432291	4.353633333333334	0.9910363652540806	0.6129	1.48405	True	-1.4322839711432291	2.0358210954343914	0.119430997354262	0.17141646994930437	-0.0011237235405446204	1.353
TCGA-CC-A9FW-01A	False	True	-1.4324312341293457	3.9915666666666665	0.9991418898527776	0.9225	1.91805	True	-1.4324312341293457	1.502124136611377	0.08496949211948923	0.11459383837481267	0.00028084247921010417	1.8681
TCGA-ZP-A9D0-01A	False	True	-1.4324448399719807	3.1519166666666663	0.9997240486722643	0.4657	0.45055	True	-1.4324448399719807	1.2362125771126107	0.04186928388968479	0.12704597284921693	-0.00747555832284189	0.7208600000000001
TCGA-BC-A3KF-01A	False	True	-1.436118843804778	3.7249999999999996	0.9993294346574388	1.2206	0.8127	True	-1.436118843804778	1.279546055150841	0.06295681420296607	0.1082521020690083	-0.005424646999162023	1.0390000000000001
TCGA-DD-AADP-01A	False	True	-1.4362228337470628	4.288983333333333	0.9995533651045561	0.8802	0.9136	True	-1.4362228337470628	1.3991282337996098	0.06385722841761134	0.13167653145248398	-0.010180245586286886	1.53922
TCGA-DD-AAEE-01A	False	True	-1.4384707066121192	3.4427499999999998	0.9997575676605646	0.9856	0.6603	True	-1.4384707066121192	1.5155713989298591	0.08204420542328224	0.11612361209208644	0.0041055864798306895	1.01204
TCGA-CC-A9FS-01A	False	True	-1.438770474458457	3.97755	0.9997171697412416	0.5879	1.1153499999999998	True	-1.438770474458457	1.3179707113744858	0.06461424101177968	0.10696576871542801	1.9751637772448766e-05	1.2931
TCGA-MI-A75G-01A	False	True	-1.4388965930342388	2.726766666666667	0.9998026818615358	0.9443	0.42555	True	-1.4388965930342388	1.3019559542757126	0.06479975349880512	0.11179660238166189	-0.007494381675687721	0.6445399999999999
TCGA-LG-A6GG-01A	False	True	-1.4391571320461367	2.9857166666666664	0.9998450408231797	1.2976	0.24584999999999999	True	-1.4391571320461367	1.2024748684206796	0.06181269712842747	0.10965566898215154	-0.01711847707958929	0.5445800000000001
TCGA-EP-A2KC-01A	False	True	-1.4406865492848118	4.0880833333333335	0.9989167472086934	1.1658	1.0917	True	-1.4406865492848118	1.3336857152758543	0.06067026782832428	0.12749012130126797	-0.012923671283134094	1.1648599999999998
TCGA-CC-5263-01A	False	True	-1.4421222888317644	4.4269333333333325	0.9989519303470036	2.5114	1.2761	True	-1.4421222888317644	1.4901433638372719	0.0914400441500735	0.12073323317432438	-0.013537923546936574	1.0018
TCGA-DD-A4NN-01A	False	True	-1.4429308713029592	2.8686	0.9819791858286507	0.2508	0.46815	True	-1.4429308713029592	1.7921368160118079	0.10178564027304456	0.13315100659400583	0.013681135688152964	0.6911400000000001
TCGA-DD-AADQ-01A	False	True	-1.443455404557554	4.254666666666667	0.9997481565144304	1.3388	1.60355	True	-1.443455404557554	1.0779245518945162	0.05639019895252026	0.09473063858411461	-0.018379463189812387	1.93442
TCGA-DD-AAD8-01A	False	True	-1.444447539880906	3.30585	0.9997208178216275	1.0549	1.25915	True	-1.444447539880906	1.3057204870107306	0.07419304981034863	0.1166263293942077	-0.018803982868149178	1.40018
TCGA-DD-AACJ-01A	False	True	-1.4487401379186051	2.5643166666666666	0.9997165543454402	0.7473	0.3419	True	-1.4487401379186051	1.1806445887384525	0.05565112712626328	0.08702287353628005	0.00807842574363441	0.63676
TCGA-DD-AAC8-01A	False	True	-1.4522442371208633	4.177766666666667	0.9974922392139346	0.624	0.619	True	-1.4522442371208633	1.4075234397196168	0.06791252712601333	0.11969211451575881	-0.001970458186974937	1.2756399999999999
TCGA-DD-A73E-01A	False	True	-1.4548676798756623	2.844083333333333	0.9998388695101051	0.8866	0.33165	True	-1.4548676798756623	1.4345085643178332	0.06947419539660214	0.11672040210276138	0.006633183386173788	0.70158
TCGA-BC-A10T-01A	False	True	-1.455127723393403	3.6679166666666663	0.9996667504018153	1.4919	1.46765	True	-1.455127723393403	1.7607011364054148	0.0772355077209981	0.17312658772149048	-0.004532070392938775	1.58198
TCGA-DD-A4NG-01A	False	True	-1.4565933473196033	3.9337333333333326	0.9987034944317147	1.2886	1.31875	True	-1.4565933473196033	1.3261186726461052	0.06062688801936205	0.12083893767018475	-0.007695510612382684	1.4371800000000001
TCGA-ED-A7PZ-01A	False	True	-1.4579405672945775	2.3945166666666666	0.9994253979998362	0.6391	0.47204999999999997	True	-1.4579405672945775	1.5893878005420106	0.10450454179734134	0.10208313907521341	0.008750531995506608	0.55702
TCGA-RC-A6M3-01A	False	True	-1.4588767238814728	3.589033333333333	0.9998312269361763	5.2953	1.71915	True	-1.4588767238814728	1.536589329663981	0.12119236149209071	0.10854220485052588	-0.023622707466798665	1.95916
TCGA-DD-AACK-01A	False	True	-1.4667163698872103	3.881183333333333	0.999821234658944	1.3194	0.8288	True	-1.4667163698872103	1.2192262493238424	0.060239014798118065	0.1108677272403869	-0.014563006679289583	0.9497
TCGA-RC-A6M4-01A	False	True	-1.4681990593329655	3.1076333333333332	0.9998198319730538	0.5624	0.14165	True	-1.4681990593329655	1.3391153036750205	0.07632142665346557	0.0988349145933961	0.0008089950719123546	0.24237999999999998
TCGA-DD-AAE1-01A	False	True	-1.4704667414011021	4.257416666666666	0.9974239637168482	0.7436	0.6263	True	-1.4704667414011021	1.1542937685140489	0.06007534650137211	0.0878740849439234	-0.0012556417422852463	1.2006599999999998
TCGA-DD-AAD0-01A	False	True	-1.4760324450331446	4.3231	0.9997386556018585	1.155	0.49770000000000003	True	-1.4760324450331446	1.1786861874325323	0.07775445230912477	0.08320619062326609	-0.01093611057460479	0.83094
TCGA-DD-AACA-01A	False	True	-1.4773725721871378	3.831266666666666	0.9997385222662167	0.9515	1.4967000000000001	True	-1.4773725721871378	1.5096641810104108	0.08507077233131603	0.11841019803582045	0.00044781846401727865	1.50034
TCGA-DD-AAED-01A	False	True	-1.479034372986383	3.1071666666666666	0.9985049937051669	0.5198	0.5607	True	-1.479034372986383	0.9794044833800248	0.06413774989453534	0.06884575554580256	-0.015816985208915703	0.8092
TCGA-EP-A26S-01A	False	True	-1.4793801513461906	3.194883333333333	0.9998603239399051	1.4695	0.6083000000000001	True	-1.4793801513461906	1.3442675740746595	0.05663675283290021	0.12045559353556061	-0.0005420572614802172	1.2409400000000002
TCGA-FV-A496-01A	False	True	-1.4846575901258923	2.702316666666667	0.9991859185652533	0.4995	0.23445	True	-1.4846575901258923	1.3162557245301199	0.06412211202795497	0.11660891466642324	-0.005112216958813076	0.36748
TCGA-BC-A10U-01A	False	True	-1.4852688655952797	3.069866666666667	0.9993743720540756	0.6135	0.68815	True	-1.4852688655952797	1.3023852573477397	0.06314418192373802	0.1199702553746438	-0.013837173221953412	0.94418
TCGA-CC-A5UD-01A	False	True	-1.485615413991888	4.4933	0.9956714121694819	0.8101	1.1358000000000001	True	-1.485615413991888	1.869915753723598	0.12056785496996704	0.13216733532197436	0.007457232564367964	1.57792
TCGA-DD-AA3A-01A	False	True	-1.4870775851015974	3.6100666666666665	0.997543796055204	0.6425	0.9774	True	-1.4870775851015974	1.9523558865004595	0.1313966692607084	0.1460662412604631	-0.003519738209425488	1.1602599999999998
TCGA-G3-AAV5-01A	False	True	-1.4886186595893378	2.821633333333333	0.9999123975714217	0.8278	1.0518999999999998	True	-1.4886186595893378	1.3170512343753826	0.07598629284924528	0.09142907750050439	0.00618290759513776	1.21776
TCGA-DD-A4NQ-01A	False	True	-1.4898972099788461	4.0999333333333325	0.9996331163718566	1.9763	0.7027	True	-1.4898972099788461	1.4175073346201514	0.08200787156369331	0.13715965498067936	-0.0297829101719131	1.05374
TCGA-DD-AAW2-01A	False	True	-1.4916892819944458	3.61765	0.9996226946930704	0.9201	0.7179	True	-1.4916892819944458	1.3635907220848158	0.0669295429777984	0.11316354121293928	0.001485255307173553	1.3001
TCGA-MI-A75I-01A	False	True	-1.4923839177599083	3.8777	0.9998001112526297	1.157	1.4199	True	-1.4923839177599083	1.4464242229135573	0.07587329670557999	0.11785427691473109	-0.004470754420940185	1.35026
TCGA-DD-AAVZ-01A	False	True	-1.4951131458345814	3.3907	0.9989180745725454	0.4374	0.70135	True	-1.4951131458345814	1.33780043582274	0.06269740459853854	0.1148723691692403	-0.0037747487368876387	1.0646
TCGA-ZP-A9D2-01A	False	True	-1.4972468238263028	4.54865	0.9926894042624637	1.1665	1.3476	True	-1.4972468238263028	1.7829095458962179	0.08963250288144388	0.1720777970237725	-0.014930442515179653	1.2968
TCGA-CC-A7IL-01A	False	True	-1.4995575310641016	3.0539166666666664	0.999916714035949	0.5363	0.45775	True	-1.4995575310641016	1.1415276154621932	0.06301662131294049	0.08106256912099964	0.0006592406638948831	0.61456
TCGA-ED-A7PY-01A	False	True	-1.50276164033179	3.960733333333333	0.9987977033625017	0.544	0.99815	True	-1.50276164033179	1.2961294617025936	0.0676783348043203	0.0946686579285059	0.005701646754127942	1.2269400000000001
TCGA-ED-A8O5-01A	False	True	-1.506756132345659	3.3451166666666663	0.9981671887152435	1.0245	1.2253	True	-1.506756132345659	1.5345950172831362	0.08283414522330593	0.11391166006118043	0.009047772616201296	1.6290600000000002
TCGA-ED-A66Y-01A	False	True	-1.5070284879749285	2.3967833333333335	0.9922420484209629	0.2553	0.4179	True	-1.5070284879749285	1.7075866051355577	0.09924839523558944	0.1294737314174587	0.007264814536466666	0.59114
TCGA-DD-AADY-01A	False	True	-1.5095976811441332	4.162583333333333	0.9993180332028492	1.6008	0.5463	True	-1.5095976811441332	1.459586913093738	0.07402893563225882	0.12194445993178511	-0.000745147297075625	0.89482
TCGA-DD-AACS-01A	False	True	-1.5153995463484202	3.5039833333333337	0.9995447847335397	0.6445	0.4479	True	-1.5153995463484202	1.3408771008083298	0.08161020704349235	0.10270747479467988	-0.009979379106115814	0.73358
TCGA-CC-A8HT-01A	False	True	-1.5172077868688139	4.871883333333333	0.9993360733367109	1.7361	1.4901	True	-1.5172077868688139	1.3639455289314908	0.0924399194898131	0.09458579338428177	-0.012718937441081742	1.85146
TCGA-DD-A39Y-01A	False	True	-1.5184080205148596	2.570083333333333	0.9998767107773484	0.5296	0.72425	True	-1.5184080205148596	1.5874840340412566	0.10266436807516911	0.10403024794908451	0.006250651500194149	0.89666
TCGA-DD-A1EE-01A	False	True	-1.5200963454944851	3.4802666666666666	0.9996847215229633	1.4069	0.18930000000000002	True	-1.5200963454944851	1.2082017393967834	0.056739982552987685	0.11292238588965428	-0.014838848163996162	0.5176000000000001
TCGA-DD-AACW-01A	False	True	-1.521818520934328	3.608283333333333	0.9986972766180029	0.4932	0.91275	True	-1.521818520934328	1.302681681987956	0.07473478341984213	0.08494007639129934	0.006554129536740054	1.36508
TCGA-DD-AAW3-01A	False	True	-1.5231588610392466	3.233033333333333	0.9998207719609283	1.2661	0.7425	True	-1.5231588610392466	1.3229857274271806	0.06122248849276807	0.11135012850626365	0.0005973422346618789	1.0700600000000002
TCGA-G3-AAV7-01A	False	True	-1.5233247524490068	4.149983333333333	0.9967523104137591	1.5192	0.9179499999999999	True	-1.5233247524490068	1.5873145350402453	0.09551053701797145	0.14010187763424098	-0.02123280407393094	0.9280999999999999
TCGA-DD-AAE9-01A	False	True	-1.5288568040486763	4.0114	0.9992529282423623	0.3952	0.57995	True	-1.5288568040486763	1.3037289310404485	0.06846015020975235	0.09526685174891522	0.00619083622918222	0.8618
TCGA-CC-A3MB-01A	False	True	-1.5350044962167544	3.78985	0.9984409341081749	0.504	1.3858	True	-1.5350044962167544	1.4612917515291792	0.08905754116378818	0.11612595418294604	-0.012176282617716335	1.47142
TCGA-CC-A7II-01A	False	True	-1.5352127347759779	2.85685	0.9884799041659236	4.8909	0.9162	True	-1.5352127347759779	2.2917039248068805	0.1645850914387862	0.14357244517001852	0.019370272096591763	1.04462
TCGA-DD-AAVY-01A	False	True	-1.5359512416028724	3.6926166666666664	0.9997793334007425	0.8786	0.7458	True	-1.5359512416028724	1.0793667986454656	0.048987571739388454	0.09053320561296709	-0.004212080198851356	1.1143999999999998
TCGA-CC-A8HV-01A	False	True	-1.5372517163073116	2.30185	0.9867445268769108	0.4927	0.6082	True	-1.5372517163073116	1.735061286982563	0.10971227172725326	0.13553478578769504	-0.003986231875170713	0.8587999999999999
TCGA-DD-AADD-01A	False	True	-1.540210648245122	3.9631000000000003	0.9984816399211253	1.0271	2.31255	True	-1.540210648245122	1.2909629196927734	0.08529266389728425	0.07663537019550608	0.003871327547337402	2.10632
TCGA-EP-A2KB-01A	False	True	-1.5410954237023549	3.6623666666666663	0.9993508311830492	0.7119	1.4695	True	-1.5410954237023549	1.3483866693072462	0.08080564430521064	0.0991909480805518	-0.005111769146158814	1.45534
TCGA-DD-AADL-01A	False	True	-1.5426930516610395	3.6889333333333334	0.9998626294183157	0.9789	0.82075	True	-1.5426930516610395	1.3985218245911213	0.07740787007086392	0.11022826908704157	-0.0029188937301728966	1.2288599999999998
TCGA-CC-A9FU-01A	False	True	-1.5453214566342817	4.020966666666666	0.9948828464203368	0.8728	1.5182	True	-1.5453214566342817	1.5233283754598246	0.11158225969434264	0.0888354904390248	0.0014198950761957173	1.8008400000000002
TCGA-CC-A5UC-01A	False	True	-1.5458688729893233	3.7336	0.9980106193365523	0.6574	1.22785	True	-1.5458688729893233	1.8103668631973469	0.09926445130818948	0.14421002841313146	0.0049320693256297895	1.52278
TCGA-XR-A8TC-01A	False	True	-1.5461457816878685	3.1706666666666665	0.9984924964314436	0.7689	0.5490999999999999	True	-1.5461457816878685	1.3637341826720737	0.06919920398645464	0.11764123934295886	-0.0059194889803077695	0.65442
TCGA-DD-A1EH-01A	False	True	-1.5467129516932892	4.859516666666666	0.9981758344861899	1.002	1.2837	True	-1.5467129516932892	1.621588943663026	0.07159259308382745	0.1473301084980094	0.004623981960405514	1.40568
TCGA-DD-A11A-01A	False	True	-1.5470073827967146	3.166833333333333	0.9995273156088784	0.7575	0.45194999999999996	True	-1.5470073827967146	1.2151735109269919	0.0636587828843454	0.10739163641497584	-0.01307546441811568	0.98698
TCGA-CC-A8HU-01A	False	True	-1.548353788153941	2.6956499999999997	0.9991148573679743	0.5784	0.4446	True	-1.548353788153941	1.5366561502517238	0.0972920205430756	0.10782622585747015	-0.0020294282310407996	0.7952
TCGA-XR-A8TF-01A	False	True	-1.5500787093055208	3.4972166666666666	0.9998020528147761	1.3473	1.6987	True	-1.5500787093055208	1.2223937284724007	0.07135991035285669	0.09003565614820262	-0.006618209009028382	1.64956
TCGA-5C-A9VG-01A	False	True	-1.5558884671260311	2.7043666666666666	0.9992478562407655	0.8565	0.6689	True	-1.5558884671260311	1.7723106279898861	0.09288074033114399	0.14968865126822792	0.005331926223409928	0.80364
TCGA-CC-A5UE-01A	False	True	-1.5566417828305321	3.5647499999999996	0.9998582885663522	0.9319	1.4360000000000002	True	-1.5566417828305321	1.4008179055288215	0.0965027874298326	0.0815582793042549	0.004169219865992431	1.33018
TCGA-CC-5258-01A	False	True	-1.5582484296475283	4.588466666666667	0.9969140640659383	1.2525	1.2689000000000001	True	-1.5582484296475283	1.6006421675276412	0.08582707199045297	0.13066261079408278	0.00022421718262662148	1.5434
TCGA-G3-AAV6-01A	False	True	-1.5608569885254933	2.6293166666666665	0.9972740174289041	0.3018	3.32775	True	-1.5608569885254933	1.9846047502879836	0.12723206626503447	0.12235354523093124	0.029151920929733927	2.0380200000000004
TCGA-UB-A7MB-01A	False	True	-1.5673949468017054	3.4732833333333333	0.9997676043599792	0.8245	0.48119999999999996	True	-1.5673949468017054	1.4154401081078685	0.08844787399661287	0.10280811547263483	-0.003994522777322898	0.9465399999999999
TCGA-DD-A4NF-01A	False	True	-1.567449303015638	2.7335166666666666	0.9996818938676627	1.3273	0.6914	True	-1.567449303015638	1.3537324908285533	0.05525745768212814	0.12384433411346445	0.0001619495182747453	0.91228
TCGA-DD-AADR-01A	False	True	-1.5698396418006895	4.47405	0.9998617325816322	0.595	1.44935	True	-1.5698396418006895	1.2893113356048966	0.07295610503011438	0.09234422140423679	0.00023014073305981062	1.8179000000000003
TCGA-CC-5264-01A	False	True	-1.5703140804057782	3.5138666666666665	0.9989751800365553	0.8423	1.3873000000000002	True	-1.5703140804057782	1.4356966458306526	0.09436750264772155	0.109659404431408	-0.013748389577237058	1.2966600000000001
TCGA-CC-A7IH-01A	False	True	-1.5718195266511257	2.9227166666666666	0.9997726562778038	0.8118	0.71455	True	-1.5718195266511257	1.3993543071395373	0.06623014407146346	0.11781811859176432	0.0024822330812064256	1.06996
TCGA-G3-A7M9-01A	False	True	-1.5737947610971792	3.6067166666666663	0.9987434032018533	0.8819	3.1887	True	-1.5737947610971792	2.046444258374928	0.15479097434683087	0.13784604635153902	-0.0024017452797623095	2.166
TCGA-QA-A7B7-01A	False	True	-1.5756277072638762	3.644983333333333	0.9998561191102177	1.8634	0.9588000000000001	True	-1.5756277072638762	1.3050013617292116	0.08951210429474926	0.08635761498752031	-0.0058495376298289695	1.2690800000000002
TCGA-G3-A25U-01A	False	True	-1.576880376366719	3.104833333333333	0.9999105478788525	1.4269	0.5671	True	-1.576880376366719	1.196068328157865	0.06874793617760083	0.09178142742167217	-0.007259110163044233	0.9135
TCGA-G3-A5SL-01A	False	True	-1.5938315698607408	3.7976666666666663	0.9996076445196115	0.7023	0.5318	True	-1.5938315698607408	1.3915362704951864	0.05616965644646413	0.12801294225966708	0.0019202990397225546	1.07448
TCGA-DD-A1EJ-01A	False	True	-1.596031977272319	4.018933333333333	0.9992172541044313	0.8641	1.1464	True	-1.596031977272319	1.4658618200393259	0.08258280407936387	0.10509605866520852	0.005079205674058818	1.12992
TCGA-DD-AADW-01A	False	True	-1.601699742240262	3.8563166666666664	0.997752917044298	0.8797	1.0485	True	-1.601699742240262	1.7988845070699007	0.09432289315677847	0.15318106437433932	0.003115432391217706	1.12588
TCGA-DD-A11B-01A	False	True	-1.6042561898156737	3.781716666666666	0.999574924622162	0.9089	0.5583	True	-1.6042561898156737	1.26614637908042	0.04589379971010032	0.12205525029813176	-0.0031495338628899513	0.8927800000000001
TCGA-DD-A4NE-01A	False	True	-1.6048654540459653	3.091133333333333	0.9997089153668451	1.3409	0.19385	True	-1.6048654540459653	1.6240015083829062	0.083815171222891	0.14233104895136275	-0.0029182941237182267	0.60282
TCGA-CC-A8HS-01A	False	True	-1.6153910239717972	3.6559166666666663	0.9971665464298393	0.3733	0.9399	True	-1.6153910239717972	1.6738637073627862	0.10658644962257487	0.11281033219182182	0.00971939754332335	1.35174
TCGA-CC-A7IK-01A	False	True	-1.617264536526511	3.7550499999999998	0.9991484345408727	1.0222	0.52555	True	-1.617264536526511	1.4898876290324463	0.09247138347146408	0.10444388147056374	0.0016038210790774755	1.26386
TCGA-BC-A10Z-01A	False	True	-1.6208659869441546	2.1581666666666663	0.999933296483338	0.8319	0.19185	True	-1.6208659869441546	1.2110228737378081	0.07186590703899992	0.0902634708757117	-0.0068600197060515455	0.3003
TCGA-DD-AACV-01A	False	True	-1.6232766627120754	3.5302999999999995	0.9997836068977758	1.1541	0.42805	True	-1.6232766627120754	1.3211587260492232	0.09032946470846175	0.08399699241183556	-0.0006751167424290515	0.52282
TCGA-BC-A10W-01A	False	True	-1.6250303729858009	4.10055	0.9991063046876082	1.4201	1.6337	True	-1.6250303729858009	1.444571004114482	0.0782506011428362	0.1253552087231053	-0.012278537390123396	1.4238000000000002
TCGA-DD-AADC-01A	False	True	-1.6453820263988082	4.277783333333333	0.9986442339357062	1.1713	1.2347000000000001	True	-1.6453820263988082	1.7304796259327757	0.11344462748952998	0.12377039240351242	0.0011788083789624104	1.38426
TCGA-DD-AAD6-01A	False	True	-1.657608508643333	2.1581833333333336	0.9987717811333261	0.4776	0.33915	True	-1.657608508643333	1.2528143696875156	0.08567132922726614	0.07907059076526075	-0.0052464583386769	0.5666
TCGA-DD-A1EL-01A	False	True	-1.659961189484745	3.720333333333333	0.9988002630326664	0.6977	0.88615	True	-1.659961189484745	1.5508035687401358	0.09533088631375825	0.10499227626982766	0.008270090195298885	1.1200400000000001
TCGA-UB-A7MC-01A	False	True	-1.6760668791093247	3.6602166666666665	0.9996712746730771	1.8356	0.34450000000000003	True	-1.6760668791093247	1.2485898912560134	0.07770696124669929	0.10069469679627845	-0.018266610670018828	0.56776
TCGA-5R-AA1C-01A	False	True	-1.7026356702528156	5.313883333333333	0.9999564872003904	1.0273	1.97075	True	-1.7026356702528156	1.2013627705402379	0.05136366381995664	0.10259525511759578	-0.0004040474652378224	2.0194400000000003
TCGA-G3-A5SI-01A	False	True	-1.7147525993928767	2.5137	0.999739837105003	0.5095	0.261	True	-1.7147525993928767	1.3980944257975931	0.08581643577215779	0.10135465274403654	-0.005345699305131986	0.38556
TCGA-DD-A73B-01A	False	True	-1.731842180510359	2.721283333333333	0.9998460030261964	1.1766	0.44095	True	-1.731842180510359	1.306265441380475	0.07581150816010067	0.09771607609338613	-0.005212073928433343	1.0076399999999999
TCGA-DD-A73D-01A	False	True	-1.7438383155439492	3.5092833333333333	0.9998941222989501	0.7106	0.18789999999999998	True	-1.7438383155439492	1.097940380194433	0.05867660650071353	0.07171372230497368	0.006318896520930981	0.5768599999999999
TCGA-BW-A5NP-01A	False	True	-1.813606058106879	3.9608	0.9982640877497786	0.4438	1.1419000000000001	True	-1.813606058106879	1.6063911570023393	0.09831739623309635	0.10864219665841325	0.009764716847426412	1.0706
TCGA-BC-A3KG-01A	False	True	-1.8146689720965326	3.7374666666666663	0.9997287100202699	1.518	1.1751	True	-1.8146689720965326	1.5197533333519693	0.10428283994300033	0.10350352512441244	-0.005092123698447755	1.2399600000000002
